   0.8919    0.9717    0.6616    0.9247    0.4617    0.9415    0.4572    0.1179    0.6340    0.4676 
   0.7136    0.9680    0.0229    0.9576    0.0639    0.8985    0.0628    0.7648    0.1420    0.4911 
   0.9878    0.8952    0.2784    0.0526    0.4983    0.1561    0.6878    0.7579    0.7382    0.8979 
   0.9255    0.8193    0.8302    0.7290    0.7806    0.7497    0.6291    0.8414    0.4453    0.9354 
   0.5341    0.8756    0.7573    0.4173    0.1784    0.5745    0.5430    0.9896    0.5589    0.8278 
   0.6091    0.4671    0.7066    0.0934    0.7283    0.2509    0.3063    0.5962    0.0403    0.1221 
   0.7745    0.1521    0.6538    0.5356    0.1758    0.9412    0.8753    0.5497    0.0169    0.0647 
   0.4114    0.9305    0.3984    0.2572    0.0988    0.8972    0.2185    0.7023    0.1992    0.4391 
   0.1305    0.4956    0.0632    0.1271    0.7320    0.9387    0.0166    0.8661    0.0319    0.5089 
   0.6495    0.0929    0.5836    0.0484    0.3001    0.5073    0.7989    0.4420    0.4172    0.5470 
